1	AMD FX-8320	1199	2	1	99
2	AMD A8 5600K	710	2	1	99
3	CORE I3-3250	1088	1	1	99
4	CORE I7-4820K	2599	1	1	99
5	GA-H87N-WIFI	999	3	2	99
6	G1.SNIPER 5	3299	3	2	99
7	MSI Z87-G43	1050	4	2	99
8	NM70I-1037U	579	5	2	99
9	H61-BF UATX	420	1	2	99
10	Z87 XPOWER	3899	4	2	99
11	8GB DDR3	530	6	3	99
12	16GB DDR3	1760	7	3	99
13	SV35 2TB	730	8	4	99
14	SSHD 1TB	720	8	4	99
15	256GB NEUTRON	1650	7	4	99
16	CX-430M 430W	399	7	5	99
17	HCG 520W	539	9	5	99
18	NEO ECO 450C-BR	439	9	5	99
19	GTX650TI	1299	3	6	99
20	HD7770 1GB	850	3	6	99
21	N760 HAWK	2199	4	6	99
22	R7770-PMD	899	4	6	99
